116.000000
115.000000
120.000000
107.000000
141.000000
111.000000
131.000000
134.000000
125.000000
151.000000
118.000000
88.000000
122.000000
117.000000
133.000000
113.000000
126.000000
142.000000
136.000000
142.000000
147.000000
148.000000
120.000000
164.000000
114.000000
139.000000
113.000000
131.000000
129.000000
141.000000
158.000000
131.000000
107.000000
143.000000
129.000000
167.000000
130.000000
119.000000
120.000000
178.000000
163.000000
116.000000
119.000000
114.000000
137.000000
141.000000
150.000000
130.000000
109.000000
117.000000
119.000000
121.000000
123.000000
135.000000
124.000000
118.000000
125.000000
131.000000
131.000000
166.000000
159.000000
111.000000
136.000000
109.000000
115.000000
120.000000
129.000000
136.000000
132.000000
128.000000
131.000000
131.000000
124.000000
115.000000
139.000000
130.000000
96.000000
116.000000
127.000000
134.000000
114.000000
129.000000
145.000000
133.000000
127.000000
116.000000
116.000000
150.000000
130.000000
108.000000
147.000000
142.000000
137.000000
141.000000
129.000000
126.000000
126.000000
126.000000
128.000000
120.000000
113.000000
115.000000
102.000000
146.000000
141.000000
147.000000
135.000000
121.000000
117.000000
151.000000
