129.000000
183.000000
175.000000
172.000000
150.000000
139.000000
136.000000
162.000000
125.000000
167.000000
165.000000
156.000000
138.000000
190.000000
154.000000
138.000000
153.000000
170.000000
129.000000
126.000000
109.000000
164.000000
173.000000
194.000000
142.000000
186.000000
140.000000
195.000000
120.000000
140.000000
155.000000
110.000000
154.000000
171.000000
164.000000
142.000000
155.000000
160.000000
146.000000
183.000000
141.000000
144.000000
144.000000
173.000000
194.000000
165.000000
200.000000
158.000000
153.000000
186.000000
144.000000
131.000000
119.000000
144.000000
147.000000
134.000000
163.000000
157.000000
200.000000
161.000000
155.000000
161.000000
126.000000
141.000000
170.000000
201.000000
174.000000
150.000000
158.000000
158.000000
118.000000
141.000000
161.000000
173.000000
159.000000
150.000000
162.000000
138.000000
168.000000
146.000000
144.000000
170.000000
158.000000
121.000000
161.000000
135.000000
139.000000
139.000000
150.000000
126.000000
186.000000
152.000000
151.000000
140.000000
165.000000
160.000000
134.000000
164.000000
157.000000
143.000000
126.000000
149.000000
157.000000
125.000000
130.000000
121.000000
139.000000
144.000000
143.000000
149.000000
