198.000000
195.000000
198.000000
205.000000
216.000000
190.000000
193.000000
182.000000
192.000000
185.000000
191.000000
170.000000
192.000000
189.000000
167.000000
171.000000
194.000000
183.000000
203.000000
187.000000
179.000000
182.000000
166.000000
212.000000
200.000000
177.000000
179.000000
201.000000
190.000000
196.000000
193.000000
199.000000
184.000000
196.000000
188.000000
205.000000
199.000000
206.000000
188.000000
200.000000
186.000000
189.000000
209.000000
199.000000
194.000000
192.000000
177.000000
180.000000
201.000000
202.000000
200.000000
195.000000
186.000000
189.000000
179.000000
193.000000
188.000000
183.000000
199.000000
209.000000
199.000000
174.000000
191.000000
185.000000
185.000000
205.000000
203.000000
172.000000
200.000000
191.000000
201.000000
207.000000
183.000000
195.000000
184.000000
184.000000
170.000000
176.000000
177.000000
208.000000
187.000000
195.000000
189.000000
193.000000
179.000000
175.000000
168.000000
181.000000
201.000000
180.000000
205.000000
189.000000
193.000000
195.000000
211.000000
180.000000
187.000000
182.000000
180.000000
189.000000
