129.000000
124.000000
130.000000
127.000000
125.000000
119.000000
121.000000
116.000000
125.000000
123.000000
128.000000
124.000000
126.000000
127.000000
119.000000
129.000000
121.000000
128.000000
121.000000
121.000000
130.000000
132.000000
130.000000
126.000000
125.000000
126.000000
129.000000
123.000000
124.000000
126.000000
119.000000
132.000000
123.000000
131.000000
122.000000
125.000000
123.000000
123.000000
125.000000
123.000000
129.000000
122.000000
125.000000
129.000000
127.000000
129.000000
122.000000
126.000000
126.000000
125.000000
123.000000
121.000000
125.000000
124.000000
126.000000
130.000000
124.000000
129.000000
127.000000
125.000000
129.000000
122.000000
129.000000
122.000000
131.000000
128.000000
118.000000
131.000000
130.000000
124.000000
127.000000
122.000000
122.000000
132.000000
128.000000
129.000000
119.000000
123.000000
130.000000
124.000000
126.000000
128.000000
130.000000
120.000000
120.000000
132.000000
125.000000
121.000000
126.000000
123.000000
120.000000
121.000000
132.000000
126.000000
130.000000
125.000000
128.000000
122.000000
121.000000
123.000000
122.000000
123.000000
133.000000
128.000000
131.000000
122.000000
126.000000
125.000000
126.000000
126.000000
