128.000000
136.000000
137.000000
127.000000
124.000000
135.000000
129.000000
131.000000
131.000000
134.000000
131.000000
136.000000
136.000000
130.000000
132.000000
129.000000
129.000000
128.000000
130.000000
133.000000
130.000000
130.000000
133.000000
136.000000
134.000000
134.000000
127.000000
136.000000
128.000000
132.000000
129.000000
133.000000
131.000000
129.000000
135.000000
132.000000
133.000000
137.000000
131.000000
128.000000
123.000000
136.000000
139.000000
132.000000
134.000000
137.000000
137.000000
133.000000
135.000000
135.000000
122.000000
136.000000
129.000000
139.000000
133.000000
132.000000
131.000000
130.000000
134.000000
126.000000
134.000000
127.000000
131.000000
129.000000
131.000000
139.000000
125.000000
135.000000
135.000000
135.000000
136.000000
130.000000
133.000000
130.000000
133.000000
141.000000
133.000000
142.000000
131.000000
134.000000
136.000000
135.000000
130.000000
134.000000
127.000000
131.000000
128.000000
134.000000
135.000000
131.000000
136.000000
131.000000
134.000000
137.000000
131.000000
127.000000
126.000000
130.000000
133.000000
133.000000
137.000000
131.000000
135.000000
136.000000
131.000000
136.000000
138.000000
134.000000
132.000000
125.000000
