202.000000
195.000000
198.000000
190.000000
211.000000
220.000000
182.000000
207.000000
202.000000
201.000000
190.000000
197.000000
212.000000
199.000000
183.000000
194.000000
196.000000
194.000000
185.000000
205.000000
234.000000
188.000000
196.000000
201.000000
199.000000
209.000000
197.000000
188.000000
221.000000
196.000000
185.000000
182.000000
191.000000
186.000000
207.000000
197.000000
208.000000
193.000000
190.000000
193.000000
202.000000
209.000000
197.000000
183.000000
196.000000
212.000000
207.000000
198.000000
185.000000
216.000000
196.000000
195.000000
197.000000
211.000000
195.000000
194.000000
213.000000
208.000000
188.000000
213.000000
202.000000
196.000000
199.000000
193.000000
216.000000
202.000000
208.000000
194.000000
220.000000
202.000000
202.000000
205.000000
186.000000
185.000000
201.000000
209.000000
190.000000
202.000000
193.000000
208.000000
180.000000
198.000000
185.000000
213.000000
193.000000
210.000000
216.000000
191.000000
206.000000
183.000000
179.000000
210.000000
209.000000
181.000000
181.000000
185.000000
191.000000
197.000000
201.000000
209.000000
