222.000000
231.000000
205.000000
214.000000
191.000000
224.000000
204.000000
205.000000
199.000000
218.000000
222.000000
204.000000
230.000000
238.000000
212.000000
226.000000
205.000000
225.000000
214.000000
230.000000
221.000000
223.000000
252.000000
208.000000
237.000000
219.000000
213.000000
224.000000
225.000000
206.000000
233.000000
232.000000
178.000000
213.000000
231.000000
198.000000
215.000000
207.000000
225.000000
216.000000
225.000000
220.000000
196.000000
227.000000
202.000000
208.000000
211.000000
232.000000
232.000000
244.000000
240.000000
214.000000
220.000000
223.000000
224.000000
205.000000
233.000000
215.000000
211.000000
213.000000
206.000000
209.000000
219.000000
217.000000
210.000000
222.000000
199.000000
198.000000
184.000000
212.000000
218.000000
192.000000
227.000000
210.000000
212.000000
205.000000
216.000000
229.000000
197.000000
206.000000
222.000000
202.000000
199.000000
242.000000
229.000000
197.000000
212.000000
227.000000
213.000000
223.000000
210.000000
235.000000
207.000000
224.000000
218.000000
201.000000
229.000000
227.000000
204.000000
204.000000
