145.000000
141.000000
146.000000
138.000000
133.000000
144.000000
141.000000
143.000000
135.000000
141.000000
141.000000
137.000000
137.000000
136.000000
129.000000
143.000000
137.000000
144.000000
144.000000
139.000000
154.000000
143.000000
143.000000
142.000000
146.000000
147.000000
141.000000
135.000000
143.000000
134.000000
136.000000
139.000000
139.000000
138.000000
136.000000
141.000000
138.000000
137.000000
138.000000
142.000000
133.000000
137.000000
145.000000
146.000000
126.000000
133.000000
139.000000
135.000000
134.000000
142.000000
137.000000
136.000000
147.000000
142.000000
137.000000
140.000000
140.000000
145.000000
140.000000
140.000000
141.000000
138.000000
139.000000
140.000000
142.000000
145.000000
137.000000
143.000000
150.000000
140.000000
146.000000
136.000000
142.000000
131.000000
141.000000
139.000000
139.000000
139.000000
149.000000
141.000000
140.000000
146.000000
132.000000
142.000000
142.000000
138.000000
137.000000
142.000000
139.000000
141.000000
142.000000
136.000000
136.000000
135.000000
136.000000
137.000000
135.000000
138.000000
137.000000
146.000000
139.000000
137.000000
144.000000
142.000000
143.000000
148.000000
142.000000
140.000000
136.000000
139.000000
