152.000000
154.000000
159.000000
152.000000
157.000000
154.000000
152.000000
158.000000
160.000000
154.000000
147.000000
145.000000
151.000000
156.000000
152.000000
149.000000
152.000000
153.000000
145.000000
148.000000
158.000000
154.000000
153.000000
148.000000
144.000000
151.000000
152.000000
152.000000
154.000000
152.000000
151.000000
154.000000
151.000000
154.000000
156.000000
154.000000
148.000000
156.000000
158.000000
155.000000
154.000000
149.000000
150.000000
154.000000
155.000000
149.000000
149.000000
151.000000
157.000000
149.000000
147.000000
155.000000
152.000000
155.000000
155.000000
151.000000
152.000000
156.000000
158.000000
158.000000
154.000000
156.000000
159.000000
152.000000
147.000000
153.000000
153.000000
157.000000
148.000000
156.000000
158.000000
157.000000
151.000000
157.000000
147.000000
159.000000
151.000000
153.000000
155.000000
156.000000
149.000000
151.000000
156.000000
152.000000
153.000000
159.000000
154.000000
150.000000
155.000000
154.000000
152.000000
154.000000
154.000000
154.000000
148.000000
154.000000
152.000000
146.000000
149.000000
144.000000
153.000000
155.000000
149.000000
150.000000
148.000000
152.000000
161.000000
159.000000
152.000000
159.000000
